year,month,day,hour
2023,5,4,12
2023,5,5,16
2023,5,6,13
2023,5,7,17
2023,5,8,11
2023,5,9,15
2023,5,10,10
2023,5,11,14
2023,5,12,12
2023,5,13,17
2023,5,14,16
2023,5,15,10
2023,5,16,13
2023,5,17,17
2023,5,18,14
2023,5,19,13
2023,5,20,17
2023,5,21,16
2023,5,22,16
2023,5,23,10
2023,5,4,17
2023,5,5,17
2023,5,6,14
2023,5,7,15
2023,5,8,15
2023,5,9,14
2023,5,10,17
2023,5,11,12
2023,5,12,13
2023,5,13,11
2023,5,14,13
2023,5,15,10
2023,5,16,16
2023,5,17,16
2023,5,18,17
2023,5,19,15
2023,5,20,14
2023,5,21,11
2023,5,22,12
2023,5,23,12
2023,5,4,16
2023,5,5,11
2023,5,6,16
2023,5,7,13
2023,5,8,12
2023,5,9,10
2023,5,10,16
2023,5,11,12
2023,5,12,17
2023,5,13,11
2023,5,14,16
2023,5,15,16
2023,5,16,11
2023,5,17,16
2023,5,18,17
2023,5,19,13
2023,5,20,17
2023,5,21,10
2023,5,22,15
2023,5,23,11